{"frame_ID": 0, "pose": [[1.0, 0.0, 0.0, 0.0], [0.0, 1.0, 0.0, 0.0], [0.0, 0.0, 1.0, 0.0]], "rmat": [[1.0, 0.0, 0.0], [0.0, 1.0, 0.0], [0.0, 0.0, 1.0]], "tvec": [0.0, 0.0, 0.0], "position": [0.0, 0.0, 0.0]}
{"frame_ID": 1, "pose": [[0.9999799438089669, -0.0007040723780313671, 0.006294145049322192, 0.010271093979451251], [0.000706154175087061, 0.9999996967054249, -0.0003285351414351236, 0.0037192021630918504], [-0.006293911827823848, 0.00033297318907674837, 0.9999801377041241, -0.09267066465827156]], "rmat": [[0.9999799438089669, -0.0007040723780313671, 0.006294145049322192], [0.000706154175087061, 0.9999996967054249, -0.0003285351414351236], [-0.006293911827823848, 0.00033297318907674837, 0.9999801377041241]], "tvec": [0.010271093979451251, 0.0037192021630918504, -0.09267066465827156], "position": [-0.010856775302948733, -0.0036811125947697884, 0.09260539813939789]}
{"frame_ID": 2, "pose": [[0.9999121440587107, -0.0013035281602847822, 0.013191094656912532, 0.016479928251506237], [0.001306694942359228, 0.9999991194883463, -0.00023145379602311413, 0.0055697531249752075], [-0.013190781335459041, 0.00024867019810436894, 0.9999129669380694, -0.1812457043877842]], "rmat": [[0.9999121440587107, -0.0013035281602847822, 0.013191094656912532], [0.001306694942359228, 0.9999991194883463, -0.00023145379602311413], [-0.013190781335459041, 0.00024867019810436894, 0.9999129669380694]], "tvec": [0.016479928251506237, 0.0055697531249752075, -0.1812457043877842], "position": [-0.018876530814706423, -0.005503195764971685, 0.1810138308661685]}
{"frame_ID": 3, "pose": [[0.9997883940098297, -0.001547806044794412, 0.020512715561164272, 0.04301058849388362], [0.001538985059980909, 0.9999987163909385, 0.00044580428494928254, 0.010345603466539899], [-0.02051337924942374, -0.00041414118730387394, 0.9997894927227663, -0.31711829197212893]], "rmat": [[0.9997883940098297, -0.001547806044794412, 0.020512715561164272], [0.001538985059980909, 0.9999987163909385, 0.00044580428494928254], [-0.02051337924942374, -0.00041414118730387394, 0.9997894927227663]], "tvec": [0.04301058849388362, 0.010345603466539899, -0.31711829197212893], "position": [-0.04952257671504282, -0.010410349883921659, 0.31616466018167577]}
{"frame_ID": 4, "pose": [[0.9995607186035761, -0.002756510843649535, 0.02950883719619201, 0.043305396465429524], [0.002701964088130817, 0.9999945670232562, 0.0018882039182594895, 0.01496562291213177], [-0.029513881729941488, -0.0018076426470189336, 0.9995627360067459, -0.39717414675575213]], "rmat": [[0.9995607186035761, -0.002756510843649535, 0.02950883719619201], [0.002701964088130817, 0.9999945670232562, 0.0018882039182594895], [-0.029513881729941488, -0.0018076426470189336, 0.9995627360067459]], "tvec": [0.043305396465429524, 0.01496562291213177, -0.39717414675575213], "position": [-0.05504896057960228, -0.015564118735274088, 0.39569432676048766]}
{"frame_ID": 5, "pose": [[0.999164425411534, -0.0028104560274347097, 0.0407744077695415, 0.046623802357148136], [0.00267116924604341, 0.9999904115400143, 0.0034701128067718807, 0.013230537561793376], [-0.04078376940521783, -0.003358297924631799, 0.9991623521671298, -0.4954387028646394]], "rmat": [[0.999164425411534, -0.0028104560274347097, 0.0407744077695415], [0.00267116924604341, 0.9999904115400143, 0.0034701128067718807], [-0.04078376940521783, -0.003358297924631799, 0.9991623521671298]], "tvec": [0.046623802357148136, 0.013230537561793376, -0.4954387028646394], "position": [-0.06682604350977622, -0.014763207322569395, 0.4930767303219543]}
{"frame_ID": 6, "pose": [[0.9985316821836605, -0.0029505560695635125, 0.05409042331457251, 0.05767511110620127], [0.002719308241626892, 0.9999868487026198, 0.004348308233192297, 0.016982020180881463], [-0.054102541882579853, -0.004194835000830161, 0.9985265736680018, -0.6263450446755101]], "rmat": [[0.9985316821836605, -0.0029505560695635125, 0.05409042331457251], [0.002719308241626892, 0.9999868487026198, 0.004348308233192297], [-0.054102541882579853, -0.004194835000830161, 0.9985265736680018]], "tvec": [0.05767511110620127, 0.016982020180881463, -0.6263450446755101], "position": [-0.09152346407294515, -0.019439037312148154, 0.6222286571611504]}
{"frame_ID": 7, "pose": [[0.997542155750108, -0.003287204477077964, 0.06999172656931192, 0.07245864953408976], [0.002985141223904291, 0.99998577679127, 0.004419858259450103, 0.02114347181516152], [-0.07000526004023407, -0.0042000597479274855, 0.9975377802694056, -0.7813836993257297]], "rmat": [[0.997542155750108, -0.003287204477077964, 0.06999172656931192], [0.002985141223904291, 0.99998577679127, 0.004419858259450103], [-0.07000526004023407, -0.0042000597479274855, 0.9975377802694056]], "tvec": [0.07245864953408976, 0.02114347181516152, -0.7813836993257297], "position": [-0.12704464277080713, -0.0241868429132218, 0.7742948038297778]}
{"frame_ID": 8, "pose": [[0.9960930031408338, -0.0019201625253324288, 0.08828953544872196, 0.08040064212779985], [0.0015436755760601386, 0.9999894240150959, 0.004332311585349769, 0.02534152262828382], [-0.08829692044228211, -0.004179094858098991, 0.996085432584262, -0.9498310482804726]], "rmat": [[0.9960930031408338, -0.0019201625253324288, 0.08828953544872196], [0.0015436755760601386, 0.9999894240150959, 0.004332311585349769], [-0.08829692044228211, -0.004179094858098991, 0.996085432584262]], "tvec": [0.08040064212779985, 0.02534152262828382, -0.9498310482804726], "position": [-0.16399279266470335, -0.02915630636662829, 0.9389045478931023]}
{"frame_ID": 9, "pose": [[0.9941549724549439, -0.0008110419548279155, 0.10795940419462004, 0.06694406727586966], [0.00033566817710813535, 0.999990169386484, 0.0044213637337279735, 0.02408816439374828], [-0.10796192879892759, -0.004359282204509932, 0.9941454715426091, -1.08369614785137]], "rmat": [[0.9941549724549439, -0.0008110419548279155, 0.10795940419462004], [0.00033566817710813535, 0.999990169386484, 0.0044213637337279735], [-0.10796192879892759, -0.004359282204509932, 0.9941454715426091]], "tvec": [0.06694406727586966, 0.02408816439374828, -1.08369614785137], "position": [-0.18355878934289774, -0.028757770477550702, 1.0700178737606794]}
{"frame_ID": 10, "pose": [[0.991537982265204, -0.0010856456227796292, 0.1298123688214257, 0.08129712991864224], [0.00046910937860100417, 0.9999884660621191, 0.004779924593659515, 0.030561624906402685], [-0.12981606087783984, -0.004678580587304438, 0.9915270552142534, -1.3102172602468016]], "rmat": [[0.991537982265204, -0.0010856456227796292, 0.1298123688214257], [0.00046910937860100417, 0.9999884660621191, 0.004779924593659515], [-0.12981606087783984, -0.004678580587304438, 0.9915270552142534]], "tvec": [0.08129712991864224, 0.030561624906402685, -1.3102172602468016], "position": [-0.2507107725277469, -0.03660296957622065, 1.288416406467764]}
{"frame_ID": 11, "pose": [[0.9881563966145954, -0.005463954479640978, 0.15335279922812883, 0.08602473397852561], [0.004467368353766835, 0.9999666109877744, 0.006842479785639761, 0.035610871111541265], [-0.15338506592771717, -0.0060763567266526935, 0.9881478125459168, -1.5143557623065718]], "rmat": [[0.9881563966145954, -0.005463954479640978, 0.15335279922812883], [0.004467368353766835, 0.9999666109877744, 0.006842479785639761], [-0.15338506592771717, -0.0060763567266526935, 0.9881478125459168]], "tvec": [0.08602473397852561, 0.035610871111541265, -1.5143557623065718], "position": [-0.31744453646601467, -0.04434141269198528, 1.4829715335153515]}
{"frame_ID": 12, "pose": [[0.9839255379277234, -0.010700159570692801, 0.17825835856644065, 0.08415102554825604], [0.009189804651040247, 0.9999145585246209, 0.00929640473453119, 0.043018558747553115], [-0.1783426009233793, -0.00750881053657676, 0.9839398022542893, -1.7352909091391382]], "rmat": [[0.9839255379277234, -0.010700159570692801, 0.17825835856644065], [0.009189804651040247, 0.9999145585246209, 0.00929640473453119], [-0.1783426009233793, -0.00750881053657676, 0.9839398022542893]], "tvec": [0.08415102554825604, 0.043018558747553115, -1.7352909091391382], "position": [-0.39266996932556614, -0.05514442443959108, 1.6920212523729015]}
{"frame_ID": 13, "pose": [[0.9787161536554823, -0.014266386204741188, 0.20472215512365918, 0.08224718321985275], [0.012254082814834373, 0.9998633720252892, 0.011093905380222698, 0.051951254462359486], [-0.20485245428889934, -0.008349102159832731, 0.9787572551276129, -1.9924794293790882]], "rmat": [[0.9787161536554823, -0.014266386204741188, 0.20472215512365918], [0.012254082814834373, 0.9998633720252892, 0.011093905380222698], [-0.20485245428889934, -0.008349102159832731, 0.9787572551276129]], "tvec": [0.08224718321985275, 0.051951254462359486, -1.9924794293790882], "position": [-0.48929756301290017, -0.0674062006948633, 1.9327395342943008]}
{"frame_ID": 14, "pose": [[0.9722242954320507, -0.01614774822033374, 0.2334934037592185, 0.06614513345573236], [0.013747223363524763, 0.9998346310657573, 0.011904804550867275, 0.06315105200541371], [-0.2336470269903858, -0.008364254241335555, 0.9722855064380731, -2.3381906717386016]], "rmat": [[0.9722242954320507, -0.01614774822033374, 0.2334934037592185], [0.013747223363524763, 0.9998346310657573, 0.011904804550867275], [-0.2336470269903858, -0.008364254241335555, 0.9722855064380731]], "tvec": [0.06614513345573236, 0.06315105200541371, -2.3381906717386016], "position": [-0.6114873563761958, -0.08162973506534456, 2.2571926481361517]}
{"frame_ID": 15, "pose": [[0.9644042754152705, -0.018890846603454737, 0.2637565723832332, 0.03242141550763922], [0.01620543629240456, 0.9997923651614178, 0.012353558172080382, 0.06913002422606951], [-0.26393517650233705, -0.007639533987286096, 0.9645101659003587, -2.638779431438657]], "rmat": [[0.9644042754152705, -0.018890846603454737, 0.2637565723832332], [0.01620543629240456, 0.9997923651614178, 0.012353558172080382], [-0.26393517650233705, -0.007639533987286096, 0.9645101659003587]], "tvec": [0.03242141550763922, 0.06913002422606951, -2.638779431438657], "position": [-0.7288543489215686, -0.08866224758905356, 2.5357242239895315]}
{"frame_ID": 16, "pose": [[0.9555213709980809, -0.016989810418703906, 0.2944320904858783, 0.0037263450242157603], [0.013897630134552516, 0.9998241396107374, 0.012591494283521798, 0.012380851007007365], [-0.29459423864459927, -0.00793953358738941, 0.9555894507390836, -2.685211928109169]], "rmat": [[0.9555213709980809, -0.016989810418703906, 0.2944320904858783], [0.013897630134552516, 0.9998241396107374, 0.012591494283521798], [-0.29459423864459927, -0.00793953358738941, 0.9555894507390836]], "tvec": [0.0037263450242157603, 0.012380851007007365, -2.685211928109169], "position": [-0.7947806303551139, -0.033634694102695185, 2.564707142529845]}
{"frame_ID": 17, "pose": [[0.9445387383816686, -0.018234838194776243, 0.32789337043065736, -0.07250990031304472], [0.014887685919563281, 0.9998083173389204, 0.012715556923593281, 0.008445632543446102], [-0.328062385079921, -0.007128762580352446, 0.9446291612266406, -2.777934867502502]], "rmat": [[0.9445387383816686, -0.018234838194776243, 0.32789337043065736], [0.014887685919563281, 0.9998083173389204, 0.012715556923593281], [-0.328062385079921, -0.007128762580352446, 0.9446291612266406]], "tvec": [-0.07250990031304472, 0.008445632543446102, -2.777934867502502], "position": [-0.8429732643923803, -0.029569458095961565, 2.6477864085130007]}
{"frame_ID": 18, "pose": [[0.9320219389472834, -0.020737262841290283, 0.3618080585763641, -0.1720207682525876], [0.01697315669282855, 0.9997637327962638, 0.013579047726607089, 0.01246328781275663], [-0.36200416747991615, -0.00651494552026532, 0.9321537095415331, -2.924275811029439]], "rmat": [[0.9320219389472834, -0.020737262841290283, 0.3618080585763641], [0.01697315669282855, 0.9997637327962638, 0.013579047726607089], [-0.36200416747991615, -0.00651494552026532, 0.9321537095415331]], "tvec": [-0.1720207682525876, 0.01246328781275663, -2.924275811029439], "position": [-0.8984844418243444, -0.035079080627096824, 2.78794380558991]}
{"frame_ID": 19, "pose": [[0.9183097954978511, -0.022478330167461178, 0.39522378997926944, -0.25731610489299683], [0.01806787285472253, 0.999726056194777, 0.014878324359389045, -0.005699526216674133], [-0.39544996075761674, -0.0065220578133142505, 0.9184643658295509, -3.1685445125235674]], "rmat": [[0.9183097954978511, -0.022478330167461178, 0.39522378997926944], [0.01806787285472253, 0.999726056194777, 0.014878324359389045], [-0.39544996075761674, -0.0065220578133142505, 0.9184643658295509]], "tvec": [-0.25731610489299683, -0.005699526216674133, -3.1685445125235674], "position": [-1.0166019251586, -0.020751501991153814, 3.011977471895922]}
{"frame_ID": 20, "pose": [[0.9027120170289475, -0.02010150969168625, 0.42977545720951105, -0.33994937058347396], [0.014746856884586473, 0.999766630957855, 0.015786508011773483, -0.05713650379607493], [-0.42999249356652114, -0.007912833329175303, 0.9027977860767881, -3.6478106557557908]], "rmat": [[0.9027120170289475, -0.02010150969168625, 0.42977545720951105], [0.014746856884586473, 0.999766630957855, 0.015786508011773483], [-0.42999249356652114, -0.007912833329175303, 0.9027977860767881]], "tvec": [-0.33994937058347396, -0.05713650379607493, -3.6478106557557908], "position": [-1.260812234075464, 0.02142515660206095, 3.440239266089184]}
{"frame_ID": 21, "pose": [[0.8847392809274172, -0.014326082933131371, 0.465866040972971, -0.4656788076773264], [0.007943420158035824, 0.9998458026642167, 0.01566119315189409, -0.09668907868367649], [-0.4660185692225469, -0.010155503066863128, 0.8847166545833921, -4.13197982704181]], "rmat": [[0.8847392809274172, -0.014326082933131371, 0.465866040972971], [0.007943420158035824, 0.9998458026642167, 0.01566119315189409], [-0.4660185692225469, -0.010155503066863128, 0.8847166545833921]], "tvec": [-0.4656788076773264, -0.09668907868367649, -4.13197982704181], "position": [-1.5128069516301987, 0.04804048246061734, 3.874089578221087]}
{"frame_ID": 22, "pose": [[0.8637612087535423, -0.010735374186271093, 0.5037869847402769, -0.6413561815242996], [0.004026600177429365, 0.9998881606829587, 0.014403215511157252, -0.09384853197402254], [-0.5038852654559671, -0.010412390077713156, 0.8637078333494719, -4.496545386542053]], "rmat": [[0.8637612087535423, -0.010735374186271093, 0.5037869847402769], [0.004026600177429365, 0.9998881606829587, 0.014403215511157252], [-0.5038852654559671, -0.010412390077713156, 0.8637078333494719]], "tvec": [-0.6413561815242996, -0.09384853197402254, -4.496545386542053], "position": [-1.7113864846220632, 0.04013305285614253, 4.208160090833892]}
{"frame_ID": 23, "pose": [[0.8387400309090736, -0.011084584350036503, 0.5444192249915805, -0.8436113589270455], [0.004989706761047765, 0.9999072664171913, 0.01267128219789455, -0.09394074314663037], [-0.5445091949426428, -0.007911419334534795, 0.8387175603664371, -4.704630764904145]], "rmat": [[0.8387400309090736, -0.011084584350036503, 0.5444192249915805], [0.004989706761047765, 0.9999072664171913, 0.01267128219789455], [-0.5445091949426428, -0.007911419334534795, 0.8387175603664371]], "tvec": [-0.8436113589270455, -0.09394074314663037, -4.704630764904145], "position": [-1.8536753562774138, 0.04736064362296103, 4.406325029452736]}
{"frame_ID": 24, "pose": [[0.8096285138773679, -0.016281179870847113, 0.5867167908784764, -1.0653384438493436], [0.01052242541612415, 0.9998571726998956, 0.013225458930915123, -0.08832560469803497], [-0.5868483177790381, -0.004534024987176496, 0.8096841943235207, -4.897668393461693]], "rmat": [[0.8096285138773679, -0.016281179870847113, 0.5867167908784764], [0.01052242541612415, 0.9998571726998956, 0.013225458930915123], [-0.5868483177790381, -0.004534024987176496, 0.8096841943235207]], "tvec": [-1.0653384438493436, -0.08832560469803497, -4.897668393461693], "position": [-2.010730677084618, 0.04876187168788646, 4.591784786856041]}
{"frame_ID": 25, "pose": [[0.7766287090854731, -0.018866599123228966, 0.6296760275425412, -1.3218628314370413], [0.012176175536838904, 0.999814266329795, 0.014938995706201764, -0.11650766966886739], [-0.629840923546198, -0.003935007107643513, 0.7767141860076557, -5.104022201003474]], "rmat": [[0.7766287090854731, -0.018866599123228966, 0.6296760275425412], [0.012176175536838904, 0.999814266329795, 0.014938995706201764], [-0.629840923546198, -0.003935007107643513, 0.7767141860076557]], "tvec": [-1.3218628314370413, -0.11650766966886739, -5.104022201003474], "position": [-2.1867068146760325, 0.07146261049663476, 4.798452293449752]}
{"frame_ID": 26, "pose": [[0.7409908096605163, -0.018271129645234353, 0.6712665534794202, -1.5552327808081794], [0.011401865031790545, 0.9998279942602863, 0.014628033608438912, -0.11952070087724254], [-0.6714183624778587, -0.0031855478241308343, 0.741071679942373, -5.304699930292745]], "rmat": [[0.7409908096605163, -0.018271129645234353, 0.6712665534794202], [0.011401865031790545, 0.9998279942602863, 0.014628033608438912], [-0.6714183624778587, -0.0031855478241308343, 0.741071679942373]], "tvec": [-1.5552327808081794, -0.11952070087724254, -5.304699930292745], "position": [-2.4078969842720297, 0.07418590754340143, 4.976886990392892]}
{"frame_ID": 27, "pose": [[0.702071662015475, -0.011647255017219835, 0.7120110412384014, -1.770379544274564], [0.006119954448552282, 0.99992799296458, 0.0103225502359875, -0.1338440833364154], [-0.7120800008091622, -0.002889694861172682, 0.702092388586597, -5.555235385999335]], "rmat": [[0.702071662015475, -0.011647255017219835, 0.7120110412384014], [0.006119954448552282, 0.99992799296458, 0.0103225502359875], [-0.7120800008091622, -0.002889694861172682, 0.702092388586597]], "tvec": [-1.770379544274564, -0.1338440833364154, -5.555235385999335], "position": [-2.7120195894172237, 0.09716144844380362, 5.162199876297188]}
{"frame_ID": 28, "pose": [[0.661027314014179, -0.00630736077720496, 0.7503353299207136, -1.97600814238747], [0.0018604545572323476, 0.9999753740340529, 0.006766833402442912, -0.1432202758532124], [-0.7503595330480186, -0.003077096924394838, 0.6610227701361561, -5.8283018815596925]], "rmat": [[0.661027314014179, -0.00630736077720496, 0.7503353299207136], [0.0018604545572323476, 0.9999753740340529, 0.006766833402442912], [-0.7503595330480186, -0.003077096924394838, 0.6610227701361561]], "tvec": [-1.97600814238747, -0.1432202758532124, -5.8283018815596925], "position": [-3.0668600686625833, 0.11281910286865199, 5.336278124129228]}
{"frame_ID": 29, "pose": [[0.6170576427941509, -0.003190929692337284, 0.7869114838639888, -2.2832079508335053], [0.001305702155079286, 0.9999945537285129, 0.0030311145136060593, -0.1174490846873123], [-0.7869168702037137, -0.0008429003564670459, 0.617058448534481, -5.959611578124161]], "rmat": [[0.6170576427941509, -0.003190929692337284, 0.7869114838639888], [0.001305702155079286, 0.9999945537285129, 0.0030311145136060593], [-0.7869168702037137, -0.0008429003564670459, 0.617058448534481]], "tvec": [-2.2832079508335053, -0.1174490846873123, -5.959611578124161], "position": [-3.280694621014105, 0.10513953026001, 5.474467232451081]}
{"frame_ID": 30, "pose": [[0.5705116824887783, -0.003423918376342153, 0.8212823490899921, -2.595874886505234], [0.003098065889182894, 0.9999931671067303, 0.002016860827472862, -0.09112290900438591], [-0.8212836429222061, 0.0013937441670764505, 0.5705183917680717, -6.048512998283934]], "rmat": [[0.5705116824887783, -0.003423918376342153, 0.8212823490899921], [0.003098065889182894, 0.9999931671067303, 0.002016860827472862], [-0.8212836429222061, 0.0013937441670764505, 0.5705183917680717]], "tvec": [-2.595874886505234, -0.09112290900438591, -6.048512998283934], "position": [-3.4862855356863682, 0.0906643023555282, 5.582917915327619]}
{"frame_ID": 31, "pose": [[0.520436998261947, -0.0022283413066307048, 0.8538971632082607, -2.943273693849], [0.004772836881369303, 0.9999885651326088, -0.0002993862550495917, -0.0461727657629214], [-0.8538867318726752, 0.004231323557355907, 0.520441682643459, -6.08653843848985]], "rmat": [[0.520436998261947, -0.0022283413066307048, 0.8538971632082607], [0.004772836881369303, 0.9999885651326088, -0.0002993862550495917], [-0.8538867318726752, 0.004231323557355907, 0.520441682643459]], "tvec": [-2.943273693849, -0.0461727657629214, -6.08653843848985], "position": [-3.665205514290039, 0.06536773291227889, 5.6809275406334825]}
{"frame_ID": 32, "pose": [[0.4682180393829721, 0.00037156393344036937, 0.8836128844333411, -3.3025760365055383], [0.006547321637489402, 0.9999710003776827, -0.003889856428186707, 0.005439244628901552], [-0.8835887053237728, 0.007606598707701667, 0.4682020284880867, -6.08712793896925]], "rmat": [[0.4682180393829721, 0.00037156393344036937, 0.8836128844333411], [0.006547321637489402, 0.9999710003776827, -0.003889856428186707], [-0.8835887053237728, 0.007606598707701667, 0.4682020284880867]], "tvec": [-3.3025760365055383, 0.005439244628901552, -6.08712793896925], "position": [-3.832227430492245, 0.042090370763926487, 5.768225544249683]}
{"frame_ID": 33, "pose": [[0.4142972660874146, 0.003150522829822294, 0.9101361708658724, -3.649448450243643], [0.009242963572669316, 0.9999278761509892, -0.007668775688863886, 0.06584233912003246], [-0.9100946889949904, 0.011589508275615935, 0.41423826520619883, -6.094537538177704]], "rmat": [[0.4142972660874146, 0.003150522829822294, 0.9101361708658724], [0.009242963572669316, 0.9999278761509892, -0.007668775688863886], [-0.9100946889949904, 0.011589508275615935, 0.41423826520619883]], "tvec": [-3.649448450243643, 0.06584233912003246, -6.094537538177704], "position": [-4.035258308055265, 0.016292773576407408, 5.846590625455472]}
{"frame_ID": 34, "pose": [[0.35964904857032987, 0.0049402575918835075, 0.9330745713593218, -3.9789742338898115], [0.011657329277898951, 0.9998841515104859, -0.00978724845203644, 0.11380148973612281], [-0.9330148276080947, 0.014397132113066377, 0.35954979356183164, -6.117260713065281]], "rmat": [[0.35964904857032987, 0.0049402575918835075, 0.9330745713593218], [0.011657329277898951, 0.9998841515104859, -0.00978724845203644], [-0.9330148276080947, 0.014397132113066377, 0.35954979356183164]], "tvec": [-3.9789742338898115, 0.11380148973612281, -6.117260713065281], "position": [-4.277787273568216, -0.006060137682477933, 5.913253307737306]}
{"frame_ID": 35, "pose": [[0.305279939918217, 0.007225734079191784, 0.9522352372447401, -4.30149921579264], [0.01486823047859003, 0.9998131469812472, -0.012353414341394694, 0.1591849170906645], [-0.9521465717030994, 0.017929302565115466, 0.30511546356021224, -6.185311975204524]], "rmat": [[0.305279939918217, 0.007225734079191784, 0.9522352372447401], [0.01486823047859003, 0.9998131469812472, -0.012353414341394694], [-0.9521465717030994, 0.017929302565115466, 0.30511546356021224]], "tvec": [-4.30149921579264, 0.1591849170906645, -6.185311975204524], "position": [-4.578528967985697, -0.017175353570122735, 5.9852399340751505]}
{"frame_ID": 36, "pose": [[0.2524522399135825, 0.011539725620356456, 0.9675405424555715, -4.604786110263517], [0.016854135481704578, 0.99972474054594, -0.016321190444245005, 0.20567734835523654], [-0.9674625598335985, 0.02042738047229396, 0.2521882579488205, -6.281372302590896]], "rmat": [[0.2524522399135825, 0.011539725620356456, 0.9675405424555715], [0.016854135481704578, 0.99972474054594, -0.016321190444245005], [-0.9674625598335985, 0.02042738047229396, 0.2521882579488205]], "tvec": [-4.604786110263517, 0.20567734835523654, -6.281372302590896], "position": [-4.917970473168172, -0.0241707835545929, 6.042762488707187]}
{"frame_ID": 37, "pose": [[0.20227314350285022, 0.013432837772907233, 0.9792370163994221, -4.887406356802463], [0.017221978642269736, 0.9997025140572775, -0.017270982577839312, 0.2203518135110789], [-0.9791777054595966, 0.020357854919553307, 0.20198163004083775, -6.4213205308589565]], "rmat": [[0.20227314350285022, 0.013432837772907233, 0.9792370163994221], [0.017221978642269736, 0.9997025140572775, -0.017270982577839312], [-0.9791777054595966, 0.020357854919553307, 0.20198163004083775]], "tvec": [-4.887406356802463, 0.2203518135110789, -6.4213205308589565], "position": [-5.3028177502868985, -0.023910213463727254, 6.086723698936548]}
{"frame_ID": 38, "pose": [[0.15622170052409978, 0.010377644989343926, 0.9876674970706658, -5.118590312057393], [0.018130631985435703, 0.9997461983663054, -0.013372323505233426, 0.2043301044350021], [-0.9875555986723823, 0.019996083031310594, 0.15599389793911095, -6.549155421230907]], "rmat": [[0.15622170052409978, 0.010377644989343926, 0.9876674970706658], [0.018130631985435703, 0.9997461983663054, -0.013372323505233426], [-0.9875555986723823, 0.019996083031310594, 0.15599389793911095]], "tvec": [-5.118590312057393, 0.2043301044350021, -6.549155421230907], "position": [-5.671724853903434, -0.020201876428365628, 6.079825932665115]}
{"frame_ID": 39, "pose": [[0.11475449098907646, 0.00836960715057124, 0.9933586243014066, -5.336141329661907], [0.018519665816925258, 0.9997726959012722, -0.010563072864092282, 0.19599811702043635], [-0.9932212385847715, 0.019608829808222095, 0.11457340449547966, -6.7439895649375075]], "rmat": [[0.11475449098907646, 0.00836960715057124, 0.9933586243014066], [0.018519665816925258, 0.9997726959012722, -0.010563072864092282], [-0.9932212385847715, 0.019608829808222095, 0.11457340449547966]], "tvec": [-5.336141329661907, 0.19599811702043635, -6.7439895649375075], "position": [-6.089557306186845, -0.01905041560861229, 6.075454197039022]}
{"frame_ID": 40, "pose": [[0.07771631889621725, 0.006873959201095473, 0.9969518155167396, -5.535737140779508], [0.017145750384662397, 0.9998191262794647, -0.008230307984219275, 0.17946010844228066], [-0.9968280679339685, 0.017733116214301677, 0.07758440286785583, -6.983580669646912]], "rmat": [[0.07771631889621725, 0.006873959201095473, 0.9969518155167396], [0.017145750384662397, 0.9998191262794647, -0.008230307984219275], [-0.9968280679339685, 0.017733116214301677, 0.07758440286785583]], "tvec": [-5.535737140779508, 0.17946010844228066, -6.983580669646912], "position": [-6.534289091450043, -0.017534569964272377, 6.062157140820994]}
{"frame_ID": 41, "pose": [[0.04401316575687296, 0.00740468405783189, 0.9990035094503231, -5.728186092957179], [0.014579184218773335, 0.9998612857848412, -0.008053358069724811, 0.17256648382431683], [-0.9989245660346797, 0.014919109983099576, 0.0438991062521674, -7.267675654067659]], "rmat": [[0.04401316575687296, 0.00740468405783189, 0.9990035094503231], [0.014579184218773335, 0.9998612857848412, -0.008053358069724811], [-0.9989245660346797, 0.014919109983099576, 0.0438991062521674]], "tvec": [-5.728186092957179, 0.17256648382431683, -7.267675654067659], "position": [-7.0102600233824655, -0.021699885752605504, 6.042912215078034]}
{"frame_ID": 42, "pose": [[0.013225944635101126, 0.007729899824973162, 0.999882654633635, -5.915035044078855], [0.012003908152967743, 0.9998968312602917, -0.00788879107866544, 0.16457112884082736], [-0.9998404775650784, 0.012106836264012029, 0.013131791123531052, -7.595648945881294]], "rmat": [[0.013225944635101126, 0.007729899824973162, 0.999882654633635], [0.012003908152967743, 0.9998968312602917, -0.00788879107866544], [-0.9998404775650784, 0.012106836264012029, 0.013131791123531052]], "tvec": [-5.915035044078855, 0.16457112884082736, -7.595648945881294], "position": [-7.518180840174203, -0.026872243786236847, 6.015383684782534]}
{"frame_ID": 43, "pose": [[-0.012704788815849072, 0.007009181622927331, 0.9998947243155759, -6.072877960452217], [0.010334185741876313, 0.9999229453967424, -0.006878071979519082, 0.16270304486146747], [-0.9998658874800145, 0.010245713351439372, -0.012776244038177275, -7.970885988834681]], "rmat": [[-0.012704788815849072, 0.007009181622927331, 0.9998947243155759], [0.010334185741876313, 0.9999229453967424, -0.006878071979519082], [-0.9998658874800145, 0.010245713351439372, -0.012776244038177275]], "tvec": [-6.072877960452217, 0.16270304486146747, -7.970885988834681], "position": [-8.048653028706537, -0.03845719024561027, 5.9715197327285106]}
{"frame_ID": 44, "pose": [[-0.03305196539211087, 0.006830185789977481, 0.9994302957914541, -6.2078094327109445], [0.008073757715698668, 0.9999458449548939, -0.006566703418928415, 0.14198680327530377], [-0.9994210234030837, 0.007852115607806574, -0.03310532072665569, -8.35373354955071]], "rmat": [[-0.03305196539211087, 0.006830185789977481, 0.9994302957914541], [0.008073757715698668, 0.9999458449548939, -0.006566703418928415], [-0.9994210234030837, 0.007852115607806574, -0.03310532072665569]], "tvec": [-6.2078094327109445, 0.14198680327530377, -8.35373354955071], "position": [-8.5552236029079, -0.03398414061149293, 5.928652174354889]}
{"frame_ID": 45, "pose": [[-0.048974540762220874, 0.007470998485234837, 0.9987720853822272, -6.3130546245764565], [0.00739301836724469, 0.9999473424529614, -0.007117274807172639, 0.15380118527727005], [-0.998772665643464, 0.007035375106762285, -0.04902719511206, -8.809825789181957]], "rmat": [[-0.048974540762220874, 0.007470998485234837, 0.9987720853822272], [0.00739301836724469, 0.9999473424529614, -0.007117274807172639], [-0.998772665643464, 0.007035375106762285, -0.04902719511206]], "tvec": [-6.3130546245764565, 0.15380118527727005, -8.809825789181957], "position": [-9.109329193348902, -0.044647835894583085, 5.874476329951946]}
{"frame_ID": 46, "pose": [[-0.06178963165106651, 0.008397171632049451, 0.9980538707549844, -6.407200566890664], [0.007908155503658773, 0.9999373382555041, -0.007923423441095085, 0.16972518536623182], [-0.9980578653048906, 0.00740317979511828, -0.061852165944012674, -9.289665878013984]], "rmat": [[-0.06178963165106651, 0.008397171632049451, 0.9980538707549844], [0.007908155503658773, 0.9999373382555041, -0.007923423441095085], [-0.9980578653048906, 0.00740317979511828, -0.061852165944012674]], "tvec": [-6.407200566890664, 0.16972518536623182, -9.289665878013984], "position": [-9.668864871707761, -0.0471391205173736, 5.821490175549679]}
{"frame_ID": 47, "pose": [[-0.07116951230192246, 0.007226931321424482, 0.9974380542080704, -6.474631818744347], [0.00913939780948382, 0.9999365004129326, -0.006592916624438109, 0.18695039162758853], [-0.9974223638591558, 0.00864676850691655, -0.07123104286756783, -9.801457951593981]], "rmat": [[-0.07116951230192246, 0.007226931321424482, 0.9974380542080704], [0.00913939780948382, 0.9999365004129326, -0.006592916624438109], [-0.9974223638591558, 0.00864676850691655, -0.07123104286756783]], "tvec": [-6.474631818744347, 0.18695039162758853, -9.801457951593981], "position": [-10.238698362219257, -0.05539586293163337, 5.7611086398322735]}
{"frame_ID": 48, "pose": [[-0.07763715233296424, 0.005691692158602591, 0.9969654343145504, -6.510763107219153], [0.010573938470794228, 0.9999321610218852, -0.004885200028579647, 0.2080853133882381], [-0.9969256062529663, 0.010162578141154859, -0.07769206911056596, -10.392643766507803]], "rmat": [[-0.07763715233296424, 0.005691692158602591, 0.9969654343145504], [0.010573938470794228, 0.9999321610218852, -0.004885200028579647], [-0.9969256062529663, 0.010162578141154859, -0.07769206911056596]], "tvec": [-6.510763107219153, 0.2080853133882381, -10.392643766507803], "position": [-10.868370075956364, -0.06539788339901735, 5.684596309537789]}
{"frame_ID": 49, "pose": [[-0.08207937553552451, 0.00563870781231859, 0.9966098439639784, -6.556069122248419], [0.011597386118136915, 0.9999216914314282, -0.004702301578840874, 0.22727963922660166], [-0.9965583157783217, 0.011172107192415473, -0.08213834228882387, -10.93320017261317]], "rmat": [[-0.08207937553552451, 0.00563870781231859, 0.9966098439639784], [0.011597386118136915, 0.9999216914314282, -0.004702301578840874], [-0.9965583157783217, 0.011172107192415473, -0.08213834228882387]], "tvec": [-6.556069122248419, 0.22727963922660166, -10.93320017261317], "position": [-11.436325459341422, -0.06814719882109577, 5.636876824257099]}
{"frame_ID": 50, "pose": [[-0.08347430208585505, 0.00761020755522106, 0.9964808706805395, -6.565252015979549], [0.012232209226229276, 0.9999033248051893, -0.006611664009461582, 0.25342618093544456], [-0.9964348518336386, 0.011637258461283507, -0.08355932184250969, -11.544279269872455]], "rmat": [[-0.08347430208585505, 0.00761020755522106, 0.9964808706805395], [0.012232209226229276, 0.9999033248051893, -0.006611664009461582], [-0.9964348518336386, 0.011637258461283507, -0.08355932184250969]], "tvec": [-6.565252015979549, 0.25342618093544456, -11.544279269872455], "position": [-12.054251995921756, -0.06909498880335165, 5.57919146692893]}
{"frame_ID": 51, "pose": [[-0.082521598347825, 0.009595830411995722, 0.9965430777667488, -6.547252422030305], [0.01440320872465457, 0.9998606888216774, -0.008435077206191487, 0.3007740664271581], [-0.9964851897467188, 0.013657341898941928, -0.08264831291503248, -12.183086098473403]], "rmat": [[-0.082521598347825, 0.009595830411995722, 0.9965430777667488], [0.01440320872465457, 0.9998606888216774, -0.008435077206191487], [-0.9964851897467188, 0.013657341898941928, -0.08264831291503248]], "tvec": [-6.547252422030305, 0.3007740664271581, -12.183086098473403], "position": [-12.684886708848204, -0.07151726910012644, 5.520244619900402]}
{"frame_ID": 52, "pose": [[-0.0811378997425897, 0.008525731320988734, 0.9966664201882213, -6.545324014349285], [0.016837415001125275, 0.9998324454652734, -0.007182092383935779, 0.3345882348609486], [-0.9965606567998967, 0.016198546242605184, -0.08126785599598921, -12.771702607048972]], "rmat": [[-0.0811378997425897, 0.008525731320988734, 0.9966664201882213], [0.016837415001125275, 0.9998324454652734, -0.007182092383935779], [-0.9965606567998967, 0.016198546242605184, -0.08126785599598921]], "tvec": [-6.545324014349285, 0.3345882348609486, -12.771702607048972], "position": [-13.264483783157562, -0.07184548385269009, 5.487978809673593]}
{"frame_ID": 53, "pose": [[-0.07926214972546293, 0.006667972357847612, 0.9968315052031277, -6.488381132428053], [0.01684916999724822, 0.9998437379672702, -0.005348375271079259, 0.3344229997936674], [-0.9967114011043027, 0.016371859768256072, -0.07936211386062263, -13.45109765812289]], "rmat": [[-0.07926214972546293, 0.006667972357847612, 0.9968315052031277], [0.01684916999724822, 0.9998437379672702, -0.005348375271079259], [-0.9967114011043027, 0.016371859768256072, -0.07936211386062263]], "tvec": [-6.488381132428053, 0.3344229997936674, -13.45109765812289], "position": [-13.926780179987365, -0.0708869115498122, 5.402103806377704]}
{"frame_ID": 54, "pose": [[-0.07741125461201591, 0.006295892147620891, 0.9969793675906534, -6.4208404532005865], [0.014640843055398846, 0.9998794128204712, -0.005177405954470561, 0.3370047161433414], [-0.9968917410501609, 0.014195828959794262, -0.07749409697598549, -14.319338818651744]], "rmat": [[-0.07741125461201591, 0.006295892147620891, 0.9969793675906534], [0.014640843055398846, 0.9998794128204712, -0.005177405954470561], [-0.9968917410501609, 0.014195828959794262, -0.07749409697598549]], "tvec": [-6.4208404532005865, 0.3370047161433414, -14.319338818651744], "position": [-14.776809953916716, -0.09326427401777902, 5.293526033611858]}
{"frame_ID": 55, "pose": [[-0.0762965606698277, 0.004397167710495084, 0.9970754734452558, -6.437138868406164], [0.014374250156635963, 0.9998912076148, -0.0033096626793657283, 0.31764802204255194], [-0.9969815523681418, 0.01407969640093545, -0.07635146617366122, -14.82889938284174]], "rmat": [[-0.0762965606698277, 0.004397167710495084, 0.9970754734452558], [0.014374250156635963, 0.9998912076148, -0.0033096626793657283], [-0.9969815523681418, 0.01407969640093545, -0.07635146617366122]], "tvec": [-6.437138868406164, 0.31764802204255194, -14.82889938284174], "position": [-15.279836634960596, -0.08052188390602069, 5.287156383030996]}
{"frame_ID": 56, "pose": [[-0.0748009837631854, 0.0015781826647068798, 0.9971972333332741, -6.446835358504447], [0.016939207724223457, 0.9998564727234803, -0.000311760542562994, 0.37111427529662055], [-0.9970546003453047, 0.016868411082171006, -0.07481698094568913, -15.454995172643223]], "rmat": [[-0.0748009837631854, 0.0015781826647068798, 0.9971972333332741], [0.016939207724223457, 0.9998564727234803, -0.000311760542562994], [-0.9970546003453047, 0.016868411082171006, -0.07481698094568913]], "tvec": [-6.446835358504447, 0.37111427529662055, -15.454995172643223], "position": [-15.897990043972497, -0.10018551462528426, 5.272586002696214]}
{"frame_ID": 57, "pose": [[-0.07285374328024852, 0.0006356102999695717, 0.9973424327128582, -6.396707902297047], [0.020475577734580457, 0.9997899847704863, 0.0008585272656396366, 0.43867356906826016], [-0.9971324299241755, 0.02048370943401771, -0.07285145737273852, -16.227485756581366]], "rmat": [[-0.07285374328024852, 0.0006356102999695717, 0.9973424327128582], [0.020475577734580457, 0.9997899847704863, 0.0008585272656396366], [-0.9971324299241755, 0.02048370943401771, -0.07285145737273852]], "tvec": [-6.396707902297047, 0.43867356906826016, -16.227485756581366], "position": [-16.655958514136174, -0.1021165244269002, 5.197135620548432]}
{"frame_ID": 58, "pose": [[-0.07103559599648002, 0.00042658626560704814, 0.9974736899415355, -6.351289256287313], [0.022702218354409866, 0.9997415641553288, 0.001189193863240727, 0.49796003441609926], [-0.9972153996921693, 0.02272934060666233, -0.07102692230677578, -17.004716647869664]], "rmat": [[-0.07103559599648002, 0.00042658626560704814, 0.9974736899415355], [0.022702218354409866, 0.9997415641553288, 0.001189193863240727], [-0.9972153996921693, 0.02272934060666233, -0.07102692230677578]], "tvec": [-6.351289256287313, 0.49796003441609926, -17.004716647869664], "position": [-17.419837723756928, -0.10861597431915176, 5.126859071140895]}
{"frame_ID": 59, "pose": [[-0.06916830815580824, -0.0011334555931634075, 0.9976043606687379, -6.298076623497261], [0.022145164413009184, 0.9997511969287447, 0.002671316653452018, 0.49709944401455175], [-0.9973591814587079, 0.02227688303961183, -0.06912599830784011, -17.799552060318454]], "rmat": [[-0.06916830815580824, -0.0011334555931634075, 0.9976043606687379], [0.022145164413009184, 0.9997511969287447, 0.002671316653452018], [-0.9973591814587079, 0.02227688303961183, -0.06912599830784011]], "tvec": [-6.298076623497261, 0.49709944401455175, -17.799552060318454], "position": [-18.19918232681114, -0.10759581491604034, 5.051248987801605]}
{"frame_ID": 60, "pose": [[-0.06740251173060469, -0.0035431975963674707, 0.9977195734088805, -6.253545063814949], [0.01925225483225723, 0.9998028887848486, 0.004851212358216378, 0.45018319711225896], [-0.9975401004953531, 0.019535335376281077, -0.06732101139656695, -18.596689895432363]], "rmat": [[-0.06740251173060469, -0.0035431975963674707, 0.9977195734088805], [0.01925225483225723, 0.9998028887848486, 0.004851212358216378], [-0.9975401004953531, 0.019535335376281077, -0.06732101139656695]], "tvec": [-6.253545063814949, 0.45018319711225896, -18.596689895432363], "position": [-18.981115593324173, -0.10895943279815155, 4.985152406684546]}
{"frame_ID": 61, "pose": [[-0.06580975754211917, -0.0045700274433977915, 0.9978217228851124, -6.203784108349267], [0.01860837394536174, 0.9998099889028347, 0.005806419656122906, 0.439420794344918], [-0.9976586611819481, 0.018949958820008533, -0.0657122121782771, -19.46507161417543]], "rmat": [[-0.06580975754211917, -0.0045700274433977915, 0.9978217228851124], [0.01860837394536174, 0.9998099889028347, 0.005806419656122906], [-0.9976586611819481, 0.018949958820008533, -0.0657122121782771]], "tvec": [-6.203784108349267, 0.439420794344918, -19.46507161417543], "position": [-19.835943720883655, -0.0988264576285971, 4.908626169886698]}
