camera_matrix:
- - 1904.546514988576
  - 0.0
  - 1204.4655913415818
- - 0.0
  - 1904.2948900248848
  - 900.7673170890097
- - 0.0
  - 0.0
  - 1.0
dist_coeff:
- - 0.00930058233839146
  - 0.030768988423702286
  - -0.00020491266586263935
  - -0.0002414785679293548
  - -0.06482389678841727
